025.12   031.92    025.12    031.92           .0    0          12.9  7.2      89     .0   0.0   37.0     .0   .011  5       .0     .0     .1     .0     .06      8      5       8     1       10    1.7   .0      0  X3M15    Lower Sabie rest camp                                                                                                                
032.50   020.83    032.50    020.83         12.0    0          65.0  7.6     372    0.8   0.0  218.0    0.0  0.000  1.950  0.015  0.000  0.002  0.000  0.012    55.0   12.8    62.0   3.3     64   12.3  0.4     15  D560-01A1DE VREEDE 133
032.25   021.20    032.52    020.95          9.8    0          48.0  8.9     387  470.0   0.0  234.0    0.0  0.000  4.520  0.200  0.000  0.003  0.000  0.128    39.8   19.1    38.0  15.3     16    6.7  1.7     85  D560-02A1QUAGGA PLAAT 135
032.17   019.25    032.55    019.15          9.5    0           1.3  7.5      16    2.5   0.0    2.4    0.0  0.002  0.050 -1.000 -1.000  0.001  0.002  0.031     0.4    0.2     2.8   0.2      4    0.1  0.9     60  E201-02A1SEDERHOUTKOP
032.20   019.50    032.43    019.22         12.0    0           3.1  5.3      30    4.1   0.0    5.5    0.0  0.005  0.099 -1.000 -1.000  0.013  0.002  0.030     0.9    1.2     4.6   0.2     12    0.2  0.7     60  E201-03A1BLOMFONTEIN
032.50   018.83    032.47    019.17         11.5    0           2.2  5.8      19    1.0   0.0    1.2    0.0  0.002  0.075 -1.000 -1.000  0.028  0.002  0.016     0.2    0.4     3.2   0.1      8    0.1  0.2     15  E201-04A1SNEEUBERG HUT STREAM
032.60   019.60    032.43    019.17          8.5    0           2.2  8.2     110    1.2   0.0    2.1    0.0  0.002  0.494 -1.000 -1.000  0.323  0.003  0.043     2.7    1.8    21.0   3.7     39    2.6  1.0     40  E201-06B1DRIEHOEK
032.60   019.20    032.60    019.20         11.0    0           3.0  5.8      26    0.8   0.0    1.2    0.0  0.001  0.099 -1.000 -1.000  0.007  0.001  0.016     0.4    0.7     4.6   0.3     12    0.3  0.3     15  E201-08A1SUURVLAKTE
032.38   020.05    032.38    020.05         14.0    0          25.2 10.7     203   52.9  24.0   44.0    0.0  0.000  4.330  0.015  0.000  0.004  0.001  0.062     2.8    0.4    39.0   5.1     17    1.3  0.4    100  E202-01A1MOSQUITO KOLK WEST PAN
032.75   020.35    032.75    020.35         12.5    0         126.2  8.0     805    2.6   0.0  526.0    0.0  0.000  4.950  0.076  0.462  0.003  0.000  0.025    31.0    6.7   276.0   2.8    118    9.1  0.4     50  E202-03A1WIND HEUVEL
033.23   018.33    033.23    018.33         19.4  210        9730.0  7.8  275720   18.8   0.0  517.0    0.0  0.000  5.430  0.050  3.430  0.231  0.046  3.600   360.0 5632.0 87400.0 330.0 134075 4186.0  0.6     65  G103-02A1KOEKIESPAN
033.00   017.77    033.32    018.15         13.6   52        4250.0  8.2   26510   20.1   0.0  103.0    0.0  0.001  0.590  0.001  1.360  0.022  0.008  0.800   940.0  780.0  7472.0 350.0   8292 1285.0  0.6     10  G201-01A1ROOIPAN
033.50   017.77    033.32    018.18         23.2   68        5360.0  8.5   74164  117.0   0.0  141.0    0.0  0.001  0.990  0.005  0.000  0.031  0.017  0.091  1528.0 2365.0 20346.0 567.0  36347 1887.0  1.4     80  G201-02B1YZERFONTEIN SOUTPAN
033.75   017.77    033.43    018.27         14.6    2         268.0  6.9    1753    3.7   0.0    0.1    0.0  0.000  0.510  0.210  0.000  0.007  0.001  0.083    38.7   51.8   428.0  16.7    828   17.8  2.4    425  G201-04B1RONDEBERG 718
033.50   018.00    033.47    018.35         11.5    0          65.1  6.2     454    2.3   0.0   20.0    0.0  0.001  1.390  0.015  0.000  0.041  0.000  0.025    12.3   13.7   105.0   1.2    209    6.9  1.1    185  G201-06A1MODDER RIVER 721
033.25   018.50    033.30    018.18         22.3    4         552.0  8.9    3226    4.0   0.0  263.0    0.0  0.001  0.120  0.016  0.000  0.005  0.000  0.112    49.3  106.4  1035.0  21.5   1569   40.7  4.0     80  G201-08C1YZERFONTEIN SOUTPAN INFLOW
034.70   017.50    034.12    018.37         12.5    3         417.0  8.1    2928    2.5  14.0   94.0    0.0  0.174  5.910  0.154  0.000  0.002  0.002  0.780    78.9  115.2   747.0  33.2   1286  122.5  1.8     80  G203-12A2NOORDHOEK SOUTPAN 949
034.00   018.70    033.98    018.48         16.5    0          22.6  4.2     180    1.0   0.0    0.0    5.0  0.001  0.001  0.001  0.000  0.003  0.000  1.020     7.0    3.3    23.4   1.3     42    6.3  6.3    350  G203-13A1KENILWORTH RACE COURSE
034.30   017.50    034.07    018.38         14.0    0          10.0  4.3      81    2.5   0.0    0.0    3.0  0.000  0.001  0.001  0.000  0.015  0.000  0.110     1.0    1.4    12.0   0.6     22    1.2  2.8    285  G203-18A1SILVERMINE DAM INFLOW
034.50   018.50    034.12    018.42         16.4    0          24.5  6.0     180    3.3   0.0   10.0    0.0  0.000  0.001  0.001  2.190  0.042  0.001  0.041     8.8    3.9    33.0   1.3     60    2.8  2.7    300  G203-19A1SILVERMINE RIVER FLOODPLAIN
034.90   018.75    034.35    018.90         20.0    0          19.0  7.4     140    1.0   0.0    5.2    0.0  0.010  0.185  0.000  0.000  0.016  0.011  0.058     5.9    3.4    26.0   1.0     50    3.9  2.9    190  G401-01A1MALKOPSVLEI (BASS LAKE)
034.65   019.10    034.40    019.15         15.0    6         500.0  8.2    4519    8.8   0.0  216.0    0.0  0.604 43.510  0.360  0.000  0.081  0.059  0.000   159.2  141.7  1218.0  49.2   1841  204.8  2.4    200  G403-01B1VERMONT PAN
035.00   019.20    034.38    019.22         15.0    0          36.8  6.3     219  175.2   0.0    5.6    0.0  0.010  0.001  0.015  0.693  0.050  0.005  0.170     3.7    7.0    54.2   2.9    102    2.8  1.0     95  G403-02A1HEMEL EN AARDE
034.00   019.83    034.33    019.47         14.7    0          68.5  6.0     402   12.8   0.0    7.5    0.0  0.001  0.001  0.008  0.000  0.052  0.004  0.279     6.2   13.6   104.4   2.0    192    5.5  0.6    275  G403-03A1ELIAS GAT 600 (VIOOLSKLOOF)
034.00   019.20    034.33    019.28        -15.0    0          33.2  5.7     194    7.8   0.0    2.4    0.0  0.004  0.090  0.001  0.000  0.042  0.004  0.037     2.6    6.1    50.1   1.4     75    3.7  0.5    150  G403-04A1BELSVLEI
034.00   019.50    034.35    019.32        -16.0    0          12.8  4.7      87    0.2   0.0    0.0    1.0  0.004  0.001  0.001  0.425  0.004  0.000  0.800     1.2    2.2    18.4   0.8     31    1.4  1.2     75  G403-05A1DE DIEPTE GATT
035.40   019.30    034.57    019.37         20.0    0         162.9  8.5     950    1.6   0.0   47.0    0.0  0.000  0.780  0.022  0.000  0.001  0.001  0.029    35.6   33.4   216.0   6.4    388   32.2  2.2    175  G403-09A1GANSBAAI
034.10   020.10    034.43    019.63         14.0    0          28.0  4.1     194    7.9   0.0    0.0    4.0  0.001  0.001  0.011  0.647  0.011  0.000  0.800     2.3    5.0    39.1   0.5     74    2.4  3.3    100  G404-01A1SALMONSDAM
035.40   020.60    034.72    019.67         18.0    0          40.3  6.3     257    1.8   0.0    4.5    0.0  0.001  0.371 -1.000 -1.000  0.001  0.001  0.015     3.7    8.0    81.0   1.9    142    4.6  0.4      5  G501-03A2WHITE WATER DAM (DIRK UYS KRAAL)
035.10   020.00    034.72    019.92         24.0   39        4815.0  7.4   42332  351.6   0.0   91.0    0.0  0.013  0.767 -1.000 -1.000  0.002  0.005  0.109   590.0 1157.0 12230.0 375.0  23188  782.0  1.5      5  G501-06A2AGULHAS SOUTPAN
034.70   020.80    034.72    019.98         20.5    5         445.0  6.4    3595   72.4   0.0  120.0    0.0  0.003  1.904 -1.000 -1.000  0.124  0.010  0.206    92.0  123.0   975.0  22.7   1780   98.0  1.5    235  G501-08A2SOETENDALSVLEI
035.20   019.70    034.67    019.52         23.0    1         163.8  7.9    1084    1.7   0.0   61.0    0.0  0.000  0.120  0.001  0.000  0.012  0.000  0.025    33.8   33.8   257.0   7.0    474   21.0  4.3    310  G501-10A2PEARLY BEACH
035.25   020.10    034.67    019.58         17.0    0          37.4  5.0     442    3.5   0.0    7.1    0.0  0.000  0.001  0.001  0.000  0.000  0.000  0.157     9.2    8.3    77.0   2.2    133    2.3  9.1   1425  G501-14A1GROOT HAGEL KRAAL
034.90   020.20    034.72    019.75         21.0   16        1561.0  7.8   16618 1358.0   0.0  136.0    0.0  0.013  0.692 -1.000 -1.000  0.006  0.006  0.137   519.0  734.0  4780.0 102.0   8502  672.0  2.2      5  G501-16A1MELKBOS PAN
034.20   020.60    034.67    019.90         17.5    0         109.2  7.3     797    5.0   0.0   39.0    0.0  0.007  2.349 -1.000 -1.000  0.000  0.006  0.036    17.1   24.5   230.0   6.0    379   16.6  3.0    215  G501-18A1WIESDRIF
035.00   021.00    034.73    019.97         16.0    0          26.0  7.4     223  144.3   0.0  165.0    0.0  0.002  6.925 -1.000 -1.000  0.001  0.003  0.020    23.4    8.0    22.5   5.2     15    0.8  0.8     85  G501-19B1SOETENDALSVLEI DITCH
034.50   020.40    034.80    020.02         12.5    5         566.0  6.9    5111   34.5   0.0  163.0    0.0  0.005  4.971 -1.000 -1.000  0.001  0.005  0.394   221.0  157.0  1240.0  62.0   1839  346.0  1.6     95  G501-20A1VARKENSVLEI
033.70   020.20    033.67    019.38         18.5    0           6.4  6.2      60    8.4   0.0    3.8    0.0  0.001  0.001  0.011  0.000  0.001  0.001  0.023     1.7    1.4     8.3   1.6     15    1.0  0.5      5  H101-01A1BOKKE KRAAL site A
033.50   020.00    033.65    019.28         20.5    0          18.2  6.9     126   12.0   0.0   34.0    0.0  0.005  0.001  0.009  0.000  0.001  0.001  0.014     6.7    5.4    17.5   8.4     29    3.1  1.3      7  H101-03A1PLATDRIF
033.55   019.50    033.43    019.17         17.4    0          16.8  6.6     110    1.6   0.0   24.0    0.0  0.001  0.560  0.001  0.632  0.003  0.001  0.029     7.1    4.3    13.8   2.3     29    4.0  0.5     75  H101-05A1VERREKYKER TULBAGH338
033.23   019.27    033.23    019.27         17.5    0           9.9  5.8      91    1.8   0.0    4.7    0.0  0.003  0.001  0.001  0.000  0.001  0.001  0.039     4.4    2.1    10.6   1.1     19    3.8  0.8    100  H101-06A1DE VLAKTE
034.37   021.75    034.37    021.75         17.0    0         164.0  7.2    1398    5.3   0.0  240.0    0.0  0.000  5.590  0.001  0.007  0.005  0.002  0.025    88.1   31.9   217.7  10.8    519   23.4  1.6     25  H900-02B1GOURIQUA
034.00   016.50    034.00    016.50         -1.0     35      -1.0   -1.0  35200   -1.0    0.0  140.0    0.0  -1.00  -1.00  -1.00  -1.00  -1.00  -1.00  -1.00  410.0 1300.0 10810.  390.0  19440  903.3    -1.   -1.  SeaWater Mean Sea Water  
034.50   016.50    034.50    016.50         -1.0      0      -1.0   -1.0    177   -1.0    0.0  105.0    0.0  -1.00  -1.00  -1.00  -1.00  -1.00  -1.00  -1.00   30.0    5.0    8.0    3.0      8    6.0    -1.   -1.  Fr-Water Mean Fresh Water
